index	R_nought_1	R_nought_2	tr_11	tr_22	tr_12	tr_21	removal_rate	sampling_proba	infectious_time	tree_size	proportion_t22_t11	fraction_1
0	4.961	12.859	0.551	1.427	0.05	0	0.111	1	8.979	450	2.592	1
1	1.35	2.145	0.571	0.907	0.05	0	0.423	1	2.365	450	1.589	1
2	3.768	5.867	0.437	0.681	0.05	0	0.116	1	8.623	450	1.557	1
3	3.972	9.807	0.608	1.5	0.05	0	0.153	1	6.52	450	2.469	1
4	2.111	3.563	0.581	0.98	0.05	0	0.275	1	3.64	450	1.688	1
5	4.192	7.017	0.729	1.221	0.05	0	0.174	1	5.756	450	1.674	1
6	4.609	10.223	1.355	3.006	0.05	0	0.294	1	3.403	450	2.218	1
7	2.063	5.535	0.392	1.052	0.05	0	0.19	1	5.262	450	2.683	1
8	3.544	7.038	0.45	0.894	0.05	0	0.127	1	7.872	450	1.986	1
9	4.989	10.108	0.858	1.739	0.05	0	0.172	1	5.798	450	2.026	1
10	1.926	4.532	0.198	0.467	0.05	0	0.103	1	9.675	450	2.353	1
11	4.754	8.514	0.96	1.72	0.05	0	0.202	1	4.946	450	1.791	1
12	3.511	7.134	0.541	1.099	0.05	0	0.154	1	6.505	450	2.032	1
13	2.337	4.302	1.257	2.314	0.05	0	0.538	1	1.859	450	1.841	1
14	4.527	10.688	0.493	1.165	0.05	0	0.109	1	9.179	450	2.361	1
15	1.32	2.499	0.132	0.25	0.05	0	0.1	1	9.951	450	1.893	1
16	1.852	3.821	0.444	0.917	0.05	0	0.24	1	4.163	450	2.063	1
17	3.117	5.523	0.34	0.602	0.05	0	0.109	1	9.177	450	1.772	1
18	3.176	6.082	1.073	2.056	0.05	0	0.338	1	2.961	450	1.915	1
19	4.969	13.282	1.431	3.825	0.05	0	0.288	1	3.469	450	2.673	1
20	2.699	6.742	0.74	1.847	0.05	0	0.274	1	3.643	450	2.498	1
21	3.431	5.328	0.532	0.826	0.05	0	0.155	1	6.466	450	1.553	1
22	3.75	10.732	1.309	3.745	0.05	0	0.349	1	2.863	450	2.862	1
23	1.684	3.555	0.945	1.994	0.05	0	0.561	1	1.782	450	2.111	1
24	1.897	3.542	0.486	0.907	0.05	0	0.256	1	3.906	450	1.867	1
25	1.069	1.866	0.342	0.597	0.05	0	0.32	1	3.124	450	1.746	1
26	4.647	8.922	0.665	1.276	0.05	0	0.143	1	7.016	450	1.92	1
27	2.157	5.716	0.442	1.172	0.05	0	0.205	1	4.885	450	2.65	1
28	4.409	9.008	0.613	1.252	0.05	0	0.139	1	7.21	450	2.043	1
29	3.331	9.71	0.413	1.204	0.05	0	0.124	1	8.077	450	2.915	1
30	2.448	6.854	0.443	1.241	0.05	0	0.181	1	5.533	450	2.8	1
31	1.48	3.58	0.173	0.419	0.05	0	0.117	1	8.517	450	2.419	1
32	4.612	10.704	2.629	6.101	0.05	0	0.57	1	1.754	450	2.321	1
33	2.501	3.752	0.44	0.66	0.05	0	0.176	1	5.672	450	1.5	1
34	3.576	6.473	0.408	0.738	0.05	0	0.114	1	8.787	450	1.81	1
35	2.52	5.171	0.529	1.086	0.05	0	0.21	1	4.765	450	2.052	1
36	1.558	3.141	0.203	0.408	0.05	0	0.13	1	7.719	450	2.016	1
37	3.42	10.021	0.547	1.603	0.05	0	0.16	1	6.254	450	2.93	1
38	2.654	7.832	0.276	0.815	0.05	0	0.104	1	9.64	450	2.951	1
39	4.392	10.8	0.61	1.501	0.05	0	0.139	1	7.203	450	2.459	1
40	3.957	6.43	0.467	0.759	0.05	0	0.118	1	8.471	450	1.625	1
41	2.62	6.576	0.333	0.835	0.05	0	0.127	1	7.871	450	2.51	1
42	1.948	3.684	0.212	0.402	0.05	0	0.109	1	9.205	450	1.891	1
43	3.955	6.743	0.427	0.728	0.05	0	0.108	1	9.287	450	1.705	1
44	4.941	12.842	0.909	2.363	0.05	0	0.184	1	5.424	450	2.599	1
45	3.318	7.19	0.401	0.87	0.05	0	0.121	1	8.288	450	2.167	1
46	1.967	4.858	0.226	0.559	0.05	0	0.115	1	8.675	450	2.47	1
47	1.023	2.944	0.11	0.318	0.05	0	0.108	1	9.245	450	2.878	1
48	1.797	3.272	0.557	1.014	0.05	0	0.31	1	3.226	450	1.821	1
49	2.213	6.227	0.476	1.339	0.05	0	0.215	1	4.649	450	2.814	1
50	1.26	2.884	0.197	0.45	0.05	0	0.156	1	6.429	450	2.289	1
51	2.961	6.082	0.554	1.137	0.05	0	0.187	1	5.349	450	2.054	1
52	4.616	11.674	4.399	11.125	0.05	0	0.953	1	1.049	450	2.529	1
53	2.735	6.46	0.949	2.242	0.05	0	0.347	1	2.883	450	2.362	1
54	1.425	2.97	0.276	0.576	0.05	0	0.194	1	5.167	450	2.084	1
55	2.662	5.359	0.666	1.34	0.05	0	0.25	1	3.993	450	2.013	1
56	1.116	2.947	0.74	1.954	0.05	0	0.663	1	1.508	450	2.641	1
57	2.318	4.407	0.264	0.502	0.05	0	0.114	1	8.807	450	1.901	1
58	3.455	9.912	1.151	3.301	0.05	0	0.333	1	2.999	450	2.869	1
59	2.199	4.954	0.699	1.575	0.05	0	0.318	1	3.146	450	2.253	1
60	2.474	6.507	1.917	5.043	0.05	0	0.775	1	1.29	450	2.63	1
61	4.658	12.959	0.866	2.41	0.05	0	0.186	1	5.379	450	2.782	1
62	3.996	11.397	1.726	4.924	0.05	0	0.432	1	2.314	450	2.852	1
63	3.957	10.007	0.471	1.191	0.05	0	0.119	1	8.4	450	2.529	1
64	2.124	5.38	0.726	1.84	0.05	0	0.342	1	2.92	450	2.533	1
65	1.528	4.512	0.362	1.069	0.05	0	0.237	1	4.214	450	2.953	1
66	1.948	4.574	0.335	0.787	0.05	0	0.172	1	5.815	450	2.348	1
67	1.036	2.445	0.287	0.677	0.05	0	0.277	1	3.612	450	2.36	1
68	3.984	8.856	1.733	3.852	0.05	0	0.435	1	2.301	450	2.223	1
69	2.615	7.215	0.361	0.996	0.05	0	0.138	1	7.223	450	2.759	1
70	4.297	7.485	0.451	0.786	0.05	0	0.105	1	9.515	450	1.742	1
71	4.167	8.067	0.729	1.412	0.05	0	0.175	1	5.727	450	1.936	1
72	4.141	7.33	1.135	2.008	0.05	0	0.274	1	3.65	450	1.77	1
73	3.245	5.273	0.357	0.58	0.05	0	0.11	1	9.12	450	1.625	1
74	3.184	8.68	2.159	5.885	0.05	0	0.678	1	1.475	450	2.726	1
75	3.149	7.57	0.381	0.916	0.05	0	0.121	1	8.236	450	2.404	1
76	1.15	3.266	0.176	0.5	0.05	0	0.153	1	6.531	450	2.84	1
77	3.68	9.38	0.659	1.679	0.05	0	0.179	1	5.583	450	2.549	1
78	2.845	6.802	0.313	0.748	0.05	0	0.11	1	9.083	450	2.391	1
79	4.07	8.291	0.505	1.028	0.05	0	0.124	1	8.065	450	2.037	1
80	4.638	8.914	2.133	4.1	0.05	0	0.46	1	2.174	450	1.922	1
81	2.231	5.185	0.582	1.353	0.05	0	0.261	1	3.83	450	2.324	1
82	1.812	4.809	1.102	2.924	0.05	0	0.608	1	1.644	450	2.654	1
83	2.329	6.195	1.46	3.884	0.05	0	0.627	1	1.594	450	2.66	1
84	3.978	9.953	1.054	2.638	0.05	0	0.265	1	3.773	450	2.502	1
85	3.095	8.669	0.576	1.612	0.05	0	0.186	1	5.387	450	2.801	1
86	2.013	5.731	0.234	0.665	0.05	0	0.116	1	8.596	450	2.847	1
87	3.108	5.38	0.329	0.57	0.05	0	0.106	1	9.404	450	1.731	1
88	1.836	3.264	0.452	0.803	0.05	0	0.246	1	4.059	450	1.778	1
89	1.922	5.122	0.273	0.727	0.05	0	0.142	1	7.064	450	2.665	1
90	4.305	9.996	2.118	4.918	0.05	0	0.492	1	2.032	450	2.322	1
91	4.031	8.836	0.79	1.732	0.05	0	0.196	1	5.105	450	2.192	1
92	1.039	2.976	0.195	0.559	0.05	0	0.188	1	5.318	450	2.864	1
93	3.125	8.831	0.375	1.06	0.05	0	0.12	1	8.302	450	2.826	1
94	2.143	5.758	0.225	0.605	0.05	0	0.105	1	9.502	450	2.687	1
95	3.975	9.886	0.413	1.028	0.05	0	0.104	1	9.609	450	2.487	1
96	2.276	4.941	0.537	1.166	0.05	0	0.236	1	4.242	450	2.171	1
97	2.844	4.818	0.333	0.564	0.05	0	0.117	1	8.555	450	1.694	1
98	1.286	3.419	0.527	1.402	0.05	0	0.41	1	2.442	450	2.659	1
99	2.206	5.462	1.05	2.6	0.05	0	0.476	1	2.102	450	2.476	1
100	1.617	4.059	0.163	0.41	0.05	0	0.101	1	9.901	450	2.51	1
101	4.037	8.017	1.066	2.116	0.05	0	0.264	1	3.786	450	1.986	1
102	4.014	10.577	1.024	2.697	0.05	0	0.255	1	3.919	450	2.635	1
103	4.756	13.341	0.718	2.014	0.05	0	0.151	1	6.634	450	2.805	1
104	1.606	3.22	0.27	0.541	0.05	0	0.168	1	5.951	450	2.005	1
105	4.56	8.076	1.368	2.423	0.05	0	0.3	1	3.331	450	1.771	1
106	3.172	7.108	0.33	0.739	0.05	0	0.104	1	9.654	450	2.241	1
107	2.03	4.927	0.851	2.064	0.05	0	0.419	1	2.388	450	2.427	1
108	3.503	8.109	2.48	5.741	0.05	0	0.708	1	1.412	450	2.315	1
109	1.281	3.615	0.195	0.549	0.05	0	0.152	1	6.572	450	2.822	1
110	3.576	8.793	0.74	1.82	0.05	0	0.207	1	4.839	450	2.459	1
111	4.772	8.695	0.845	1.539	0.05	0	0.177	1	5.661	450	1.822	1
112	2.0	5.708	0.334	0.953	0.05	0	0.167	1	5.982	450	2.854	1
113	2.904	8.378	0.366	1.056	0.05	0	0.126	1	7.946	450	2.885	1
114	1.404	2.158	0.24	0.369	0.05	0	0.171	1	5.832	450	1.537	1
115	1.654	4.744	0.2	0.574	0.05	0	0.121	1	8.254	450	2.868	1
116	4.299	8.426	0.537	1.053	0.05	0	0.125	1	8.004	450	1.96	1
117	1.274	2.334	0.135	0.247	0.05	0	0.106	1	9.465	450	1.832	1
118	3.474	8.365	3.238	7.796	0.05	0	0.932	1	1.073	450	2.408	1
119	3.684	5.758	0.674	1.054	0.05	0	0.183	1	5.458	450	1.563	1
120	3.236	8.88	0.343	0.941	0.05	0	0.106	1	9.423	450	2.744	1
121	1.262	2.81	0.337	0.75	0.05	0	0.267	1	3.742	450	2.227	1
122	4.927	12.007	0.867	2.113	0.05	0	0.176	1	5.676	450	2.437	1
123	4.307	11.004	3.549	9.067	0.05	0	0.824	1	1.214	450	2.555	1
124	3.576	9.637	0.608	1.638	0.05	0	0.17	1	5.886	450	2.695	1
125	1.202	2.918	0.144	0.35	0.05	0	0.12	1	8.299	450	2.428	1
126	3.977	11.533	0.521	1.511	0.05	0	0.131	1	7.619	450	2.9	1
127	4.635	8.51	0.983	1.804	0.05	0	0.212	1	4.706	450	1.836	1
128	4.654	8.703	0.521	0.975	0.05	0	0.112	1	8.956	450	1.87	1
129	3.056	8.172	0.41	1.095	0.05	0	0.134	1	7.444	450	2.674	1
130	4.357	7.564	1.891	3.283	0.05	0	0.434	1	2.303	450	1.736	1
131	2.356	3.963	0.443	0.745	0.05	0	0.188	1	5.318	450	1.682	1
132	1.291	2.2	0.163	0.277	0.05	0	0.126	1	7.914	450	1.704	1
133	4.504	8.247	0.513	0.94	0.05	0	0.114	1	8.749	450	1.831	1
134	3.379	6.102	1.747	3.155	0.05	0	0.517	1	1.934	450	1.806	1
135	4.85	12.469	0.635	1.633	0.05	0	0.131	1	7.644	450	2.571	1
136	1.276	2.761	0.156	0.337	0.05	0	0.122	1	8.206	450	2.164	1
137	4.845	13.174	1.526	4.15	0.05	0	0.315	1	3.173	450	2.719	1
138	2.521	4.409	0.275	0.481	0.05	0	0.109	1	9.15	450	1.749	1
139	3.53	7.0	0.367	0.728	0.05	0	0.104	1	9.653	450	1.983	1
140	3.218	6.211	1.133	2.186	0.05	0	0.352	1	2.844	450	1.93	1
141	4.977	12.985	1.448	3.779	0.05	0	0.291	1	3.442	450	2.609	1
142	1.372	3.56	0.951	2.467	0.05	0	0.693	1	1.443	450	2.595	1
143	2.542	6.955	0.796	2.177	0.05	0	0.313	1	3.196	450	2.736	1
144	3.396	7.943	0.839	1.962	0.05	0	0.247	1	4.053	450	2.339	1
145	2.917	5.058	0.513	0.89	0.05	0	0.176	1	5.686	450	1.734	1
146	2.699	7.492	0.372	1.034	0.05	0	0.138	1	7.27	450	2.776	1
147	1.419	3.13	0.43	0.948	0.05	0	0.303	1	3.297	450	2.206	1
148	1.566	2.604	0.553	0.919	0.05	0	0.353	1	2.831	450	1.663	1
149	3.691	10.545	0.705	2.014	0.05	0	0.191	1	5.24	450	2.857	1
150	1.021	2.225	0.954	2.078	0.05	0	0.934	1	1.071	450	2.179	1
151	1.561	2.593	0.293	0.487	0.05	0	0.188	1	5.314	450	1.661	1
152	2.977	6.648	0.304	0.678	0.05	0	0.102	1	9.803	450	2.233	1
153	3.577	10.166	0.98	2.785	0.05	0	0.274	1	3.646	450	2.842	1
154	3.111	6.623	0.772	1.643	0.05	0	0.248	1	4.034	450	2.129	1
155	1.154	1.763	0.167	0.256	0.05	0	0.145	1	6.907	450	1.528	1
156	4.094	6.731	0.45	0.74	0.05	0	0.11	1	9.118	450	1.644	1
157	1.594	4.171	0.732	1.914	0.05	0	0.459	1	2.179	450	2.617	1
158	3.28	5.225	0.912	1.453	0.05	0	0.278	1	3.598	450	1.593	1
159	1.008	2.919	0.141	0.409	0.05	0	0.14	1	7.122	450	2.896	1
160	1.112	2.283	0.25	0.514	0.05	0	0.225	1	4.443	450	2.053	1
161	2.681	6.649	0.295	0.731	0.05	0	0.11	1	9.105	450	2.48	1
162	2.267	5.627	0.256	0.636	0.05	0	0.113	1	8.847	450	2.482	1
163	2.035	3.23	0.216	0.342	0.05	0	0.106	1	9.44	450	1.587	1
164	4.575	7.659	0.531	0.888	0.05	0	0.116	1	8.594	450	1.674	1
165	2.181	3.507	0.351	0.565	0.05	0	0.161	1	6.217	450	1.608	1
166	4.176	7.22	0.944	1.632	0.05	0	0.226	1	4.427	450	1.729	1
167	4.664	9.589	0.485	0.997	0.05	0	0.104	1	9.591	450	2.056	1
168	4.863	13.587	0.676	1.889	0.05	0	0.139	1	7.179	450	2.794	1
169	1.252	1.929	0.144	0.222	0.05	0	0.115	1	8.703	450	1.541	1
170	4.037	9.951	1.054	2.597	0.05	0	0.261	1	3.834	450	2.465	1
171	1.394	2.177	0.286	0.446	0.05	0	0.205	1	4.87	450	1.562	1
172	2.306	3.98	1.704	2.941	0.05	0	0.739	1	1.354	450	1.726	1
173	2.948	4.79	1.023	1.662	0.05	0	0.347	1	2.884	450	1.625	1
174	4.456	7.638	1.141	1.955	0.05	0	0.256	1	3.907	450	1.714	1
175	2.782	4.473	0.801	1.288	0.05	0	0.288	1	3.468	450	1.608	1
176	4.641	9.579	3.629	7.491	0.05	0	0.782	1	1.278	450	2.064	1
177	2.111	3.255	0.222	0.342	0.05	0	0.105	1	9.544	450	1.542	1
178	3.68	6.201	0.423	0.713	0.05	0	0.115	1	8.67	450	1.685	1
179	4.202	8.589	1.765	3.607	0.05	0	0.42	1	2.381	450	2.044	1
180	1.011	2.067	0.106	0.217	0.05	0	0.105	1	9.568	450	2.045	1
181	1.691	4.278	0.472	1.194	0.05	0	0.279	1	3.578	450	2.53	1
182	2.809	6.348	1.663	3.758	0.05	0	0.592	1	1.689	450	2.26	1
183	3.382	7.261	0.572	1.227	0.05	0	0.169	1	5.923	450	2.147	1
184	4.837	13.031	0.508	1.368	0.05	0	0.105	1	9.49	450	2.694	1
185	2.999	6.244	0.324	0.674	0.05	0	0.108	1	9.219	450	2.082	1
186	3.658	10.316	0.435	1.228	0.05	0	0.119	1	8.389	450	2.82	1
187	2.084	5.093	0.356	0.871	0.05	0	0.171	1	5.854	450	2.444	1
188	2.85	8.276	1.969	5.719	0.05	0	0.691	1	1.447	450	2.904	1
189	3.56	9.388	1.218	3.211	0.05	0	0.342	1	2.925	450	2.637	1
190	1.694	2.59	0.269	0.412	0.05	0	0.159	1	6.297	450	1.529	1
191	4.673	10.883	0.715	1.665	0.05	0	0.153	1	6.544	450	2.329	1
192	3.622	6.867	0.739	1.401	0.05	0	0.204	1	4.905	450	1.896	1
193	1.339	2.595	0.244	0.472	0.05	0	0.182	1	5.482	450	1.938	1
194	1.305	2.889	0.471	1.043	0.05	0	0.361	1	2.768	450	2.214	1
195	1.582	3.634	0.174	0.4	0.05	0	0.11	1	9.07	450	2.297	1
196	1.25	3.389	0.216	0.586	0.05	0	0.173	1	5.782	450	2.711	1
197	1.557	3.41	0.237	0.518	0.05	0	0.152	1	6.574	450	2.19	1
198	3.265	7.421	1.055	2.397	0.05	0	0.323	1	3.098	450	2.273	1
199	4.435	7.003	1.193	1.884	0.05	0	0.269	1	3.719	450	1.579	1
200	1.455	3.56	0.146	0.356	0.05	0	0.1	1	9.968	450	2.447	1
201	3.124	5.764	0.565	1.043	0.05	0	0.181	1	5.54	450	1.845	1
202	2.772	8.186	1.68	4.961	0.05	0	0.606	1	1.649	450	2.953	1
203	2.56	6.001	1.336	3.133	0.05	0	0.522	1	1.917	450	2.344	1
204	3.85	11.211	2.333	6.794	0.05	0	0.606	1	1.65	450	2.912	1
205	1.933	4.788	0.261	0.646	0.05	0	0.135	1	7.431	450	2.477	1
206	3.831	8.317	0.958	2.079	0.05	0	0.25	1	4.006	450	2.171	1
207	4.298	11.983	0.507	1.414	0.05	0	0.118	1	8.448	450	2.788	1
208	2.882	7.07	1.052	2.581	0.05	0	0.365	1	2.742	450	2.453	1
209	4.913	12.607	0.491	1.261	0.05	0	0.1	1	9.961	450	2.566	1
210	3.095	7.193	1.216	2.827	0.05	0	0.393	1	2.547	450	2.324	1
211	3.243	6.551	0.762	1.539	0.05	0	0.235	1	4.252	450	2.02	1
212	2.343	6.87	0.56	1.642	0.05	0	0.239	1	4.179	450	2.932	1
213	4.743	11.587	0.674	1.645	0.05	0	0.142	1	7.036	450	2.443	1
214	2.904	4.704	0.392	0.635	0.05	0	0.135	1	7.405	450	1.62	1
215	4.648	9.831	1.59	3.362	0.05	0	0.342	1	2.92	450	2.115	1
216	4.568	7.793	0.653	1.114	0.05	0	0.143	1	6.973	450	1.706	1
217	2.034	5.386	0.238	0.63	0.05	0	0.117	1	8.521	450	2.648	1
218	2.355	5.023	0.327	0.698	0.05	0	0.139	1	7.203	450	2.133	1
219	3.169	7.602	0.355	0.851	0.05	0	0.112	1	8.931	450	2.399	1
220	4.724	9.991	0.572	1.209	0.05	0	0.121	1	8.28	450	2.115	1
221	3.624	7.281	0.529	1.063	0.05	0	0.146	1	6.827	450	2.009	1
222	3.005	7.413	1.926	4.752	0.05	0	0.641	1	1.56	450	2.467	1
223	2.931	7.125	0.469	1.14	0.05	0	0.16	1	6.264	450	2.431	1
224	1.381	2.585	0.215	0.403	0.05	0	0.156	1	6.427	450	1.872	1
225	2.386	7.115	0.329	0.982	0.05	0	0.138	1	7.258	450	2.982	1
226	3.647	8.782	0.438	1.054	0.05	0	0.12	1	8.367	450	2.408	1
227	3.146	7.522	0.547	1.309	0.05	0	0.174	1	5.738	450	2.391	1
228	3.776	10.388	1.042	2.867	0.05	0	0.276	1	3.624	450	2.751	1
229	3.581	6.399	0.816	1.459	0.05	0	0.228	1	4.386	450	1.787	1
230	3.523	7.444	3.502	7.399	0.05	0	0.994	1	1.006	450	2.113	1
231	1.159	2.884	0.301	0.75	0.05	0	0.26	1	3.842	450	2.488	1
232	3.302	6.267	0.938	1.78	0.05	0	0.284	1	3.525	450	1.898	1
233	4.682	10.844	0.646	1.496	0.05	0	0.138	1	7.246	450	2.316	1
234	1.094	3.268	0.352	1.052	0.05	0	0.322	1	3.105	450	2.987	1
235	4.533	9.628	0.548	1.165	0.05	0	0.121	1	8.245	450	2.124	1
236	2.229	3.847	0.392	0.677	0.05	0	0.176	1	5.697	450	1.726	1
237	2.66	7.937	0.511	1.524	0.05	0	0.192	1	5.21	450	2.984	1
238	2.801	5.199	0.303	0.561	0.05	0	0.108	1	9.221	450	1.856	1
239	2.294	6.224	0.271	0.734	0.05	0	0.118	1	8.478	450	2.713	1
240	1.791	5.251	0.347	1.019	0.05	0	0.194	1	5.152	450	2.932	1
241	2.064	3.232	0.817	1.28	0.05	0	0.396	1	2.524	450	1.566	1
242	4.865	14.274	0.676	1.984	0.05	0	0.139	1	7.203	450	2.934	1
243	1.704	3.381	0.843	1.674	0.05	0	0.495	1	2.02	450	1.984	1
244	1.085	1.88	0.307	0.532	0.05	0	0.283	1	3.539	450	1.733	1
245	2.776	6.327	0.48	1.095	0.05	0	0.173	1	5.766	450	2.279	1
246	1.245	3.566	0.126	0.36	0.05	0	0.101	1	9.935	450	2.864	1
247	3.096	4.907	0.328	0.52	0.05	0	0.106	1	9.415	450	1.585	1
248	1.199	2.921	0.131	0.318	0.05	0	0.109	1	9.152	450	2.436	1
249	2.413	6.667	0.251	0.693	0.05	0	0.104	1	9.624	450	2.763	1
250	3.361	7.179	0.928	1.981	0.05	0	0.276	1	3.623	450	2.136	1
251	1.175	2.017	0.29	0.498	0.05	0	0.247	1	4.053	450	1.717	1
252	3.852	6.013	0.489	0.764	0.05	0	0.127	1	7.864	450	1.561	1
253	2.315	5.324	0.317	0.729	0.05	0	0.137	1	7.322	450	2.3	1
254	2.699	6.151	0.48	1.095	0.05	0	0.178	1	5.608	450	2.279	1
255	4.724	7.469	0.482	0.762	0.05	0	0.102	1	9.849	450	1.581	1
256	3.758	7.204	2.518	4.827	0.05	0	0.67	1	1.493	450	1.917	1
257	1.315	3.011	0.313	0.717	0.05	0	0.238	1	4.196	450	2.29	1
258	4.183	11.587	0.941	2.607	0.05	0	0.225	1	4.444	450	2.77	1
259	4.899	9.832	0.603	1.209	0.05	0	0.123	1	8.12	450	2.007	1
260	1.214	1.868	0.488	0.751	0.05	0	0.402	1	2.485	450	1.539	1
261	4.612	12.831	0.932	2.592	0.05	0	0.202	1	4.956	450	2.782	1
262	3.009	8.04	1.312	3.505	0.05	0	0.436	1	2.295	450	2.672	1
263	3.469	10.216	1.8	5.302	0.05	0	0.519	1	1.926	450	2.945	1
264	3.194	4.995	0.329	0.514	0.05	0	0.103	1	9.695	450	1.564	1
265	2.015	4.048	0.236	0.474	0.05	0	0.117	1	8.53	450	2.009	1
266	2.229	4.939	0.236	0.524	0.05	0	0.106	1	9.473	450	2.216	1
267	4.448	11.783	3.518	9.32	0.05	0	0.791	1	1.265	450	2.649	1
268	1.06	3.139	0.188	0.556	0.05	0	0.177	1	5.657	450	2.961	1
269	2.786	5.976	0.359	0.771	0.05	0	0.129	1	7.765	450	2.145	1
270	4.546	12.27	0.814	2.196	0.05	0	0.179	1	5.587	450	2.699	1
271	1.714	5.017	1.436	4.204	0.05	0	0.838	1	1.193	450	2.927	1
272	4.507	8.397	2.79	5.198	0.05	0	0.619	1	1.615	450	1.863	1
273	3.291	5.878	0.454	0.811	0.05	0	0.138	1	7.227	450	1.786	1
274	1.33	2.281	0.246	0.422	0.05	0	0.185	1	5.418	450	1.715	1
275	2.555	4.479	0.299	0.524	0.05	0	0.117	1	8.516	450	1.753	1
276	2.808	5.456	0.646	1.255	0.05	0	0.23	1	4.352	450	1.943	1
277	2.976	5.303	0.399	0.711	0.05	0	0.134	1	7.467	450	1.782	1
278	3.822	8.145	0.764	1.629	0.05	0	0.2	1	4.993	450	2.131	1
279	3.602	9.783	0.393	1.066	0.05	0	0.109	1	9.181	450	2.716	1
280	4.455	7.939	0.784	1.397	0.05	0	0.176	1	5.689	450	1.782	1
281	3.888	11.512	0.424	1.255	0.05	0	0.109	1	9.156	450	2.961	1
282	3.341	9.024	0.501	1.354	0.05	0	0.15	1	6.666	450	2.701	1
283	4.027	7.394	2.001	3.675	0.05	0	0.497	1	2.013	450	1.836	1
284	3.849	10.535	0.512	1.401	0.05	0	0.133	1	7.505	450	2.737	1
285	4.207	9.945	0.61	1.442	0.05	0	0.145	1	6.874	450	2.364	1
286	3.731	7.66	0.634	1.302	0.05	0	0.17	1	5.888	450	2.053	1
287	1.579	3.074	0.308	0.599	0.05	0	0.195	1	5.125	450	1.947	1
288	2.398	7.05	1.014	2.982	0.05	0	0.423	1	2.364	450	2.94	1
289	4.069	6.714	0.509	0.839	0.05	0	0.125	1	8.019	450	1.65	1
290	2.974	5.808	0.339	0.662	0.05	0	0.114	1	8.768	450	1.953	1
291	2.221	3.456	1.881	2.927	0.05	0	0.847	1	1.181	450	1.556	1
292	2.479	6.939	0.34	0.951	0.05	0	0.137	1	7.31	450	2.799	1
293	2.069	3.172	0.232	0.355	0.05	0	0.112	1	8.953	450	1.533	1
294	4.512	11.582	3.989	10.238	0.05	0	0.884	1	1.131	450	2.567	1
295	1.156	3.208	0.214	0.593	0.05	0	0.185	1	5.406	450	2.775	1
296	2.702	7.487	0.3	0.831	0.05	0	0.111	1	9.01	450	2.771	1
297	4.438	13.141	1.682	4.98	0.05	0	0.379	1	2.636	450	2.961	1
298	1.046	3.038	0.13	0.377	0.05	0	0.124	1	8.083	450	2.904	1
299	2.602	5.553	0.297	0.633	0.05	0	0.114	1	8.76	450	2.134	1
300	1.317	3.756	0.416	1.187	0.05	0	0.316	1	3.165	450	2.852	1
301	4.945	13.594	0.959	2.637	0.05	0	0.194	1	5.152	450	2.749	1
302	4.667	13.17	0.495	1.396	0.05	0	0.106	1	9.452	450	2.822	1
303	4.6	7.369	0.534	0.855	0.05	0	0.116	1	8.653	450	1.602	1
304	1.463	4.076	0.421	1.174	0.05	0	0.288	1	3.47	450	2.786	1
305	1.305	3.749	0.136	0.39	0.05	0	0.104	1	9.57	450	2.873	1
306	2.475	5.606	0.252	0.572	0.05	0	0.102	1	9.819	450	2.265	1
307	3.858	7.778	1.566	3.158	0.05	0	0.406	1	2.461	450	2.016	1
308	2.894	8.21	0.431	1.223	0.05	0	0.149	1	6.696	450	2.837	1
309	3.337	8.559	0.484	1.241	0.05	0	0.145	1	6.884	450	2.565	1
310	4.016	10.976	0.755	2.063	0.05	0	0.188	1	5.309	450	2.733	1
311	4.926	13.803	1.172	3.285	0.05	0	0.238	1	4.208	450	2.802	1
312	1.118	2.543	0.347	0.788	0.05	0	0.31	1	3.231	450	2.275	1
313	4.346	10.048	1.013	2.341	0.05	0	0.233	1	4.283	450	2.312	1
314	4.43	10.907	0.82	2.018	0.05	0	0.185	1	5.417	450	2.462	1
315	2.68	6.483	1.144	2.768	0.05	0	0.427	1	2.341	450	2.419	1
316	3.921	10.497	0.604	1.617	0.05	0	0.154	1	6.504	450	2.677	1
317	1.95	4.705	0.33	0.795	0.05	0	0.169	1	5.915	450	2.413	1
318	1.905	4.585	1.099	2.646	0.05	0	0.577	1	1.733	450	2.407	1
319	4.674	13.227	0.566	1.6	0.05	0	0.121	1	8.256	450	2.83	1
320	1.957	4.71	0.325	0.782	0.05	0	0.166	1	6.015	450	2.407	1
321	1.192	3.125	0.179	0.469	0.05	0	0.15	1	6.687	450	2.622	1
322	4.917	12.794	0.747	1.945	0.05	0	0.152	1	6.565	450	2.602	1
323	4.16	12.214	1.123	3.298	0.05	0	0.27	1	3.697	450	2.936	1
324	2.794	4.331	0.305	0.472	0.05	0	0.109	1	9.158	450	1.55	1
325	4.599	11.166	1.03	2.501	0.05	0	0.224	1	4.457	450	2.428	1
326	2.564	6.215	0.613	1.485	0.05	0	0.239	1	4.177	450	2.424	1
327	4.266	10.58	3.123	7.745	0.05	0	0.732	1	1.367	450	2.48	1
328	1.705	4.829	0.706	1.999	0.05	0	0.414	1	2.414	450	2.832	1
329	1.464	3.986	0.164	0.446	0.05	0	0.112	1	8.89	450	2.723	1
330	4.217	9.459	0.658	1.476	0.05	0	0.156	1	6.395	450	2.243	1
331	3.179	8.04	0.416	1.053	0.05	0	0.131	1	7.639	450	2.529	1
332	3.167	6.746	0.371	0.789	0.05	0	0.117	1	8.54	450	2.13	1
333	1.469	2.246	0.212	0.323	0.05	0	0.144	1	6.959	450	1.529	1
334	3.651	6.057	0.482	0.8	0.05	0	0.132	1	7.588	450	1.659	1
335	1.22	2.207	0.189	0.342	0.05	0	0.155	1	6.438	450	1.809	1
336	1.689	3.596	0.27	0.575	0.05	0	0.16	1	6.232	450	2.129	1
337	3.444	8.748	0.468	1.19	0.05	0	0.136	1	7.376	450	2.54	1
338	3.226	8.523	2.11	5.574	0.05	0	0.654	1	1.528	450	2.642	1
339	1.103	3.211	0.705	2.052	0.05	0	0.639	1	1.566	450	2.911	1
340	4.618	11.762	0.619	1.576	0.05	0	0.134	1	7.449	450	2.547	1
341	2.005	4.848	0.349	0.844	0.05	0	0.174	1	5.743	450	2.418	1
342	4.059	8.094	0.999	1.991	0.05	0	0.246	1	4.069	450	1.994	1
343	1.003	1.656	0.142	0.235	0.05	0	0.142	1	7.05	450	1.651	1
344	2.622	5.645	0.315	0.677	0.05	0	0.12	1	8.347	450	2.153	1
345	3.981	10.402	0.975	2.548	0.05	0	0.245	1	4.084	450	2.613	1
346	1.806	4.228	0.188	0.44	0.05	0	0.104	1	9.64	450	2.341	1
347	1.539	3.51	0.165	0.376	0.05	0	0.107	1	9.351	450	2.281	1
348	2.507	4.467	0.293	0.523	0.05	0	0.117	1	8.551	450	1.782	1
349	1.479	4.402	1.211	3.605	0.05	0	0.819	1	1.221	450	2.976	1
350	4.025	9.938	3.244	8.01	0.05	0	0.806	1	1.241	450	2.469	1
351	3.898	9.301	0.413	0.986	0.05	0	0.106	1	9.41	450	2.386	1
352	2.365	5.92	1.258	3.149	0.05	0	0.532	1	1.88	450	2.503	1
353	2.176	6.167	0.318	0.9	0.05	0	0.146	1	6.854	450	2.834	1
354	3.767	8.001	1.887	4.009	0.05	0	0.501	1	1.997	450	2.124	1
355	3.978	8.724	2.355	5.165	0.05	0	0.592	1	1.688	450	2.193	1
356	2.006	5.531	0.255	0.702	0.05	0	0.127	1	7.855	450	2.757	1
357	2.931	6.278	0.384	0.822	0.05	0	0.131	1	7.649	450	2.142	1
358	4.629	10.61	0.509	1.167	0.05	0	0.11	1	9.079	450	2.292	1
359	4.936	13.041	1.984	5.242	0.05	0	0.402	1	2.49	450	2.642	1
360	1.815	3.559	0.305	0.598	0.05	0	0.168	1	5.966	450	1.961	1
361	3.658	8.94	0.607	1.484	0.05	0	0.166	1	6.011	450	2.444	1
362	2.54	5.931	0.343	0.801	0.05	0	0.135	1	7.401	450	2.335	1
363	2.651	3.982	0.785	1.179	0.05	0	0.296	1	3.376	450	1.502	1
364	2.576	4.724	0.265	0.487	0.05	0	0.103	1	9.703	450	1.834	1
365	1.637	4.494	0.247	0.679	0.05	0	0.151	1	6.639	450	2.745	1
366	3.756	9.544	2.141	5.44	0.05	0	0.57	1	1.754	450	2.541	1
367	3.837	8.798	0.545	1.249	0.05	0	0.142	1	7.053	450	2.293	1
368	1.811	3.658	0.893	1.803	0.05	0	0.493	1	2.029	450	2.02	1
369	1.188	2.793	0.272	0.64	0.05	0	0.229	1	4.372	450	2.351	1
370	2.567	5.817	0.447	1.012	0.05	0	0.174	1	5.752	450	2.266	1
371	3.99	9.165	1.4	3.217	0.05	0	0.351	1	2.851	450	2.297	1
372	2.663	7.904	0.525	1.557	0.05	0	0.197	1	5.081	450	2.968	1
373	4.411	6.872	3.158	4.92	0.05	0	0.716	1	1.397	450	1.558	1
374	3.256	5.33	0.456	0.746	0.05	0	0.14	1	7.165	450	1.637	1
375	1.328	2.393	0.251	0.452	0.05	0	0.189	1	5.289	450	1.802	1
376	3.554	7.467	0.437	0.918	0.05	0	0.123	1	8.149	450	2.101	1
377	2.346	6.989	0.335	0.999	0.05	0	0.143	1	6.97	450	2.979	1
378	2.382	6.96	0.579	1.691	0.05	0	0.243	1	4.118	450	2.922	1
379	2.865	7.544	0.456	1.199	0.05	0	0.159	1	6.29	450	2.633	1
380	1.823	2.736	0.213	0.32	0.05	0	0.117	1	8.521	450	1.501	1
381	4.163	8.672	1.365	2.844	0.05	0	0.328	1	3.05	450	2.083	1
382	4.733	12.434	0.544	1.43	0.05	0	0.115	1	8.659	450	2.627	1
383	3.891	10.494	0.556	1.501	0.05	0	0.143	1	6.981	450	2.697	1
384	1.697	3.946	0.769	1.788	0.05	0	0.453	1	2.206	450	2.325	1
385	3.9	10.612	2.434	6.622	0.05	0	0.624	1	1.603	450	2.721	1
386	4.687	8.362	0.994	1.773	0.05	0	0.212	1	4.707	450	1.784	1
387	2.811	6.016	0.284	0.608	0.05	0	0.101	1	9.898	450	2.14	1
388	2.616	7.411	0.999	2.831	0.05	0	0.382	1	2.62	450	2.833	1
389	1.163	1.875	0.151	0.244	0.05	0	0.13	1	7.68	450	1.612	1
390	3.622	5.922	0.38	0.622	0.05	0	0.105	1	9.551	450	1.635	1
391	1.616	3.654	0.782	1.769	0.05	0	0.484	1	2.064	450	2.261	1
392	2.869	6.177	0.31	0.667	0.05	0	0.108	1	9.229	450	2.153	1
393	3.261	5.759	0.594	1.048	0.05	0	0.182	1	5.505	450	1.766	1
394	3.414	9.74	1.123	3.204	0.05	0	0.329	1	3.039	450	2.853	1
395	4.665	7.133	2.393	3.659	0.05	0	0.513	1	1.951	450	1.529	1
396	2.14	6.178	0.291	0.84	0.05	0	0.136	1	7.344	450	2.887	1
397	4.756	9.85	4.257	8.816	0.05	0	0.895	1	1.117	450	2.071	1
398	3.196	7.472	1.518	3.549	0.05	0	0.475	1	2.107	450	2.338	1
399	4.454	7.982	0.579	1.038	0.05	0	0.13	1	7.679	450	1.792	1
400	3.209	8.632	0.751	2.02	0.05	0	0.234	1	4.276	450	2.69	1
401	4.765	8.162	2.044	3.501	0.05	0	0.429	1	2.331	450	1.713	1
402	1.514	3.609	0.192	0.458	0.05	0	0.127	1	7.878	450	2.384	1
403	3.107	6.814	0.889	1.949	0.05	0	0.286	1	3.5	450	2.193	1
404	3.614	7.607	0.365	0.768	0.05	0	0.101	1	9.853	450	2.105	1
405	4.358	11.043	0.732	1.855	0.05	0	0.168	1	5.943	450	2.534	1
406	1.685	3.668	1.139	2.48	0.05	0	0.676	1	1.479	450	2.177	1
407	3.24	7.601	1.973	4.629	0.05	0	0.609	1	1.641	450	2.346	1
408	1.228	2.342	0.416	0.794	0.05	0	0.339	1	2.947	450	1.907	1
409	3.188	8.789	3.032	8.358	0.05	0	0.951	1	1.051	450	2.757	1
410	4.548	10.788	1.628	3.862	0.05	0	0.358	1	2.793	450	2.372	1
411	1.732	3.197	0.397	0.732	0.05	0	0.229	1	4.376	450	1.846	1
412	2.96	6.814	0.34	0.784	0.05	0	0.115	1	8.694	450	2.302	1
413	1.883	4.18	1.124	2.495	0.05	0	0.597	1	1.675	450	2.22	1
414	4.983	14.75	1.355	4.012	0.05	0	0.272	1	3.67	450	2.96	1
415	1.342	3.936	0.141	0.413	0.05	0	0.105	1	9.555	450	2.933	1
416	2.304	4.716	0.265	0.542	0.05	0	0.115	1	8.688	450	2.047	1
417	4.661	9.01	0.918	1.775	0.05	0	0.197	1	5.076	450	1.933	1
418	3.681	7.229	0.725	1.424	0.05	0	0.197	1	5.074	450	1.964	1
419	3.281	5.922	0.338	0.61	0.05	0	0.103	1	9.745	450	1.805	1
420	3.618	8.47	0.373	0.872	0.05	0	0.103	1	9.728	450	2.341	1
421	4.422	9.375	0.478	1.012	0.05	0	0.108	1	9.235	450	2.12	1
422	1.954	3.867	1.133	2.243	0.05	0	0.58	1	1.725	450	1.979	1
423	2.362	6.949	1.072	3.155	0.05	0	0.454	1	2.202	450	2.942	1
424	1.479	3.399	0.189	0.435	0.05	0	0.128	1	7.839	450	2.298	1
425	4.213	7.975	1.251	2.369	0.05	0	0.297	1	3.371	450	1.893	1
426	3.887	8.373	1.415	3.048	0.05	0	0.364	1	2.748	450	2.154	1
427	3.751	6.891	0.743	1.364	0.05	0	0.198	1	5.053	450	1.837	1
428	3.076	7.364	0.655	1.569	0.05	0	0.213	1	4.699	450	2.394	1
429	2.46	6.219	1.355	3.427	0.05	0	0.551	1	1.814	450	2.528	1
430	4.779	9.453	0.521	1.03	0.05	0	0.109	1	9.191	450	1.978	1
431	4.114	11.803	0.448	1.287	0.05	0	0.109	1	9.137	450	2.869	1
432	2.326	4.696	0.277	0.559	0.05	0	0.119	1	8.415	450	2.019	1
433	3.204	5.251	0.33	0.541	0.05	0	0.103	1	9.745	450	1.639	1
434	1.994	3.188	0.433	0.692	0.05	0	0.217	1	4.616	450	1.599	1
435	1.117	2.052	0.161	0.295	0.05	0	0.144	1	6.952	450	1.837	1
436	4.648	13.191	4.55	12.914	0.05	0	0.979	1	1.021	450	2.838	1
437	2.307	6.492	0.318	0.896	0.05	0	0.138	1	7.264	450	2.814	1
438	3.737	7.567	0.658	1.332	0.05	0	0.176	1	5.671	450	2.025	1
439	2.52	5.889	0.32	0.748	0.05	0	0.127	1	7.877	450	2.337	1
440	3.389	10.042	0.715	2.119	0.05	0	0.211	1	4.729	450	2.963	1
441	4.029	8.187	0.584	1.187	0.05	0	0.145	1	6.905	450	2.032	1
442	1.358	3.103	0.236	0.54	0.05	0	0.174	1	5.758	450	2.285	1
443	4.055	6.484	1.456	2.328	0.05	0	0.359	1	2.788	450	1.599	1
444	1.097	2.496	0.204	0.464	0.05	0	0.186	1	5.389	450	2.275	1
445	2.834	4.407	0.417	0.648	0.05	0	0.147	1	6.806	450	1.555	1
446	1.829	3.223	0.252	0.445	0.05	0	0.138	1	7.259	450	1.762	1
447	3.538	5.809	0.573	0.941	0.05	0	0.162	1	6.156	450	1.642	1
448	1.942	3.851	0.274	0.543	0.05	0	0.141	1	7.115	450	1.983	1
449	4.377	7.472	0.998	1.704	0.05	0	0.228	1	4.38	450	1.707	1
450	3.683	9.318	0.667	1.687	0.05	0	0.181	1	5.53	450	2.53	1
451	3.432	7.791	0.439	0.997	0.05	0	0.128	1	7.805	450	2.27	1
452	1.48	3.818	0.186	0.481	0.05	0	0.126	1	7.911	450	2.58	1
453	4.231	7.794	0.448	0.826	0.05	0	0.106	1	9.478	450	1.842	1
454	4.3	11.988	1.956	5.455	0.05	0	0.455	1	2.196	450	2.788	1
455	1.402	2.971	0.158	0.336	0.05	0	0.113	1	8.888	450	2.119	1
456	2.648	7.399	1.666	4.654	0.05	0	0.629	1	1.59	450	2.794	1
457	1.249	2.456	0.141	0.278	0.05	0	0.113	1	8.876	450	1.966	1
458	1.284	3.195	0.286	0.712	0.05	0	0.223	1	4.486	450	2.488	1
459	4.018	6.348	1.41	2.228	0.05	0	0.351	1	2.851	450	1.58	1
460	3.877	6.622	1.182	2.02	0.05	0	0.305	1	3.275	450	1.708	1
461	4.684	13.368	0.539	1.537	0.05	0	0.115	1	8.707	450	2.854	1
462	4.521	7.157	1.515	2.398	0.05	0	0.335	1	2.988	450	1.583	1
463	1.779	2.74	1.509	2.324	0.05	0	0.848	1	1.179	450	1.54	1
464	1.014	2.724	0.169	0.455	0.05	0	0.167	1	5.979	450	2.686	1
465	4.509	11.119	2.259	5.571	0.05	0	0.501	1	1.997	450	2.466	1
466	3.449	6.919	0.786	1.578	0.05	0	0.228	1	4.383	450	2.006	1
467	2.139	5.454	0.46	1.173	0.05	0	0.215	1	4.646	450	2.55	1
468	3.463	5.967	2.452	4.225	0.05	0	0.708	1	1.412	450	1.723	1
469	2.699	5.495	0.888	1.808	0.05	0	0.329	1	3.035	450	2.036	1
470	3.954	8.636	0.439	0.959	0.05	0	0.111	1	8.979	450	2.184	1
471	3.897	10.678	0.764	2.093	0.05	0	0.196	1	5.094	450	2.74	1
472	2.864	6.266	0.424	0.927	0.05	0	0.148	1	6.735	450	2.188	1
473	1.917	2.885	1.171	1.763	0.05	0	0.611	1	1.638	450	1.505	1
474	1.292	3.822	0.195	0.577	0.05	0	0.151	1	6.644	450	2.958	1
475	3.175	7.572	1.178	2.809	0.05	0	0.371	1	2.696	450	2.385	1
476	2.082	5.292	0.212	0.54	0.05	0	0.102	1	9.807	450	2.542	1
477	1.558	2.552	1.186	1.942	0.05	0	0.761	1	1.314	450	1.638	1
478	4.362	8.419	0.449	0.867	0.05	0	0.103	1	9.681	450	1.93	1
479	3.897	5.884	0.522	0.788	0.05	0	0.134	1	7.436	450	1.51	1
480	3.669	6.96	2.48	4.705	0.05	0	0.676	1	1.48	450	1.897	1
481	4.898	7.881	1.425	2.293	0.05	0	0.291	1	3.442	450	1.609	1
482	4.683	11.726	3.231	8.091	0.05	0	0.69	1	1.45	450	2.504	1
483	2.461	3.714	1.139	1.72	0.05	0	0.463	1	2.158	450	1.509	1
484	2.682	6.12	0.359	0.82	0.05	0	0.134	1	7.445	450	2.282	1
485	3.732	10.207	0.399	1.092	0.05	0	0.107	1	9.346	450	2.735	1
486	3.022	8.851	1.837	5.381	0.05	0	0.608	1	1.646	450	2.929	1
487	1.178	3.335	0.225	0.637	0.05	0	0.191	1	5.245	450	2.831	1
488	1.364	3.021	0.222	0.492	0.05	0	0.163	1	6.127	450	2.215	1
489	2.728	4.174	0.325	0.497	0.05	0	0.119	1	8.382	450	1.53	1
490	2.672	6.218	0.612	1.424	0.05	0	0.229	1	4.363	450	2.327	1
491	1.07	2.635	0.315	0.775	0.05	0	0.294	1	3.407	450	2.463	1
492	2.497	5.141	0.332	0.684	0.05	0	0.133	1	7.497	450	2.059	1
493	3.932	8.635	2.076	4.559	0.05	0	0.528	1	1.894	450	2.196	1
494	1.453	2.477	0.834	1.422	0.05	0	0.574	1	1.742	450	1.705	1
495	3.375	9.146	1.012	2.744	0.05	0	0.3	1	3.332	450	2.71	1
496	1.739	3.33	0.381	0.729	0.05	0	0.219	1	4.567	450	1.915	1
497	2.097	4.263	0.359	0.729	0.05	0	0.171	1	5.836	450	2.033	1
498	3.067	7.165	1.359	3.174	0.05	0	0.443	1	2.255	450	2.336	1
499	4.491	7.136	2.061	3.275	0.05	0	0.459	1	2.18	450	1.589	1
500	2.342	4.986	0.358	0.763	0.05	0	0.153	1	6.542	450	2.129	1
501	4.895	14.636	0.519	1.551	0.05	0	0.106	1	9.424	450	2.99	1
502	1.177	2.753	0.242	0.567	0.05	0	0.206	1	4.864	450	2.339	1
503	1.692	2.665	0.217	0.341	0.05	0	0.128	1	7.791	450	1.575	1
504	2.756	6.16	1.031	2.304	0.05	0	0.374	1	2.677	450	2.235	1
505	4.827	10.142	2.558	5.375	0.05	0	0.53	1	1.888	450	2.101	1
506	3.626	8.793	2.952	7.158	0.05	0	0.814	1	1.229	450	2.425	1
507	4.115	8.617	0.72	1.508	0.05	0	0.175	1	5.716	450	2.094	1
508	2.735	6.903	0.276	0.697	0.05	0	0.101	1	9.867	450	2.524	1
509	1.991	5.706	0.37	1.061	0.05	0	0.186	1	5.384	450	2.866	1
510	2.012	4.06	0.702	1.417	0.05	0	0.349	1	2.863	450	2.018	1
511	1.253	2.838	0.138	0.312	0.05	0	0.11	1	9.12	450	2.265	1
512	3.464	7.278	0.36	0.757	0.05	0	0.104	1	9.576	450	2.101	1
513	1.46	3.238	0.194	0.431	0.05	0	0.133	1	7.52	450	2.218	1
514	2.216	3.971	0.483	0.866	0.05	0	0.218	1	4.583	450	1.792	1
515	3.178	7.754	1.579	3.854	0.05	0	0.497	1	2.012	450	2.44	1
516	2.532	5.586	0.301	0.665	0.05	0	0.119	1	8.438	450	2.206	1
517	1.029	1.798	0.431	0.753	0.05	0	0.419	1	2.384	450	1.747	1
518	3.479	8.179	0.501	1.178	0.05	0	0.144	1	6.937	450	2.351	1
519	3.339	6.795	0.484	0.985	0.05	0	0.145	1	6.918	450	2.035	1
520	4.237	9.97	2.441	5.743	0.05	0	0.576	1	1.736	450	2.353	1
521	4.445	12.677	0.547	1.559	0.05	0	0.123	1	8.128	450	2.852	1
522	3.347	6.42	0.827	1.586	0.05	0	0.247	1	4.046	450	1.918	1
523	3.732	10.08	0.489	1.32	0.05	0	0.131	1	7.645	450	2.701	1
524	1.716	2.674	0.928	1.447	0.05	0	0.541	1	1.847	450	1.558	1
525	2.141	5.447	0.486	1.236	0.05	0	0.227	1	4.411	450	2.544	1
526	3.732	9.894	1.441	3.819	0.05	0	0.386	1	2.589	450	2.651	1
527	3.833	7.513	2.79	5.469	0.05	0	0.728	1	1.373	450	1.96	1
528	4.021	8.818	0.531	1.164	0.05	0	0.132	1	7.582	450	2.193	1
529	2.839	4.347	0.318	0.487	0.05	0	0.112	1	8.927	450	1.531	1
530	2.642	4.365	0.454	0.751	0.05	0	0.172	1	5.802	450	1.652	1
531	1.282	2.138	0.132	0.22	0.05	0	0.103	1	9.72	450	1.668	1
532	4.206	8.134	0.997	1.928	0.05	0	0.237	1	4.222	450	1.934	1
533	3.802	7.022	0.901	1.664	0.05	0	0.237	1	4.224	450	1.847	1
534	3.167	8.402	0.333	0.882	0.05	0	0.105	1	9.563	450	2.653	1
535	1.49	3.531	0.76	1.801	0.05	0	0.51	1	1.959	450	2.37	1
536	2.436	6.77	0.292	0.812	0.05	0	0.12	1	8.364	450	2.779	1
537	2.276	6.489	0.262	0.746	0.05	0	0.115	1	8.704	450	2.851	1
538	3.164	8.869	0.851	2.386	0.05	0	0.269	1	3.719	450	2.803	1
539	1.112	1.83	0.129	0.212	0.05	0	0.116	1	8.613	450	1.646	1
540	1.994	4.116	0.231	0.477	0.05	0	0.116	1	8.591	450	2.064	1
541	1.698	4.466	0.205	0.54	0.05	0	0.121	1	8.249	450	2.63	1
542	4.392	11.692	3.285	8.746	0.05	0	0.748	1	1.337	450	2.662	1
543	2.657	6.433	1.403	3.397	0.05	0	0.528	1	1.895	450	2.421	1
544	3.867	6.164	1.203	1.917	0.05	0	0.311	1	3.217	450	1.594	1
545	1.844	4.042	0.446	0.978	0.05	0	0.242	1	4.132	450	2.192	1
546	3.89	11.254	0.934	2.701	0.05	0	0.24	1	4.16	450	2.893	1
547	4.567	10.198	2.507	5.599	0.05	0	0.549	1	1.82	450	2.233	1
548	3.438	7.127	1.836	3.806	0.05	0	0.534	1	1.871	450	2.073	1
549	1.625	3.902	0.221	0.531	0.05	0	0.136	1	7.328	450	2.401	1
550	1.976	5.742	0.591	1.717	0.05	0	0.299	1	3.346	450	2.906	1
551	3.916	10.659	0.466	1.268	0.05	0	0.119	1	8.376	450	2.722	1
552	2.291	3.627	0.309	0.49	0.05	0	0.135	1	7.426	450	1.583	1
553	2.857	5.548	0.291	0.566	0.05	0	0.102	1	9.775	450	1.942	1
554	3.085	6.238	0.346	0.699	0.05	0	0.112	1	8.949	450	2.022	1
555	4.636	7.056	0.779	1.185	0.05	0	0.168	1	5.957	450	1.522	1
556	2.163	5.472	0.294	0.744	0.05	0	0.136	1	7.346	450	2.53	1
557	2.948	4.773	0.716	1.16	0.05	0	0.243	1	4.117	450	1.619	1
558	4.52	10.663	1.383	3.263	0.05	0	0.306	1	3.272	450	2.359	1
559	2.619	7.268	0.414	1.148	0.05	0	0.158	1	6.318	450	2.775	1
560	3.326	6.995	0.535	1.126	0.05	0	0.161	1	6.208	450	2.103	1
561	4.236	9.667	0.555	1.266	0.05	0	0.131	1	7.646	450	2.282	1
562	4.034	8.992	0.702	1.565	0.05	0	0.174	1	5.746	450	2.229	1
563	1.971	3.922	1.24	2.467	0.05	0	0.629	1	1.589	450	1.99	1
564	2.604	6.705	0.263	0.677	0.05	0	0.101	1	9.887	450	2.575	1
565	2.815	6.393	0.58	1.317	0.05	0	0.206	1	4.859	450	2.271	1
566	2.464	5.303	1.156	2.487	0.05	0	0.469	1	2.132	450	2.152	1
567	4.362	8.392	0.838	1.611	0.05	0	0.192	1	5.213	450	1.924	1
568	4.18	11.854	0.422	1.197	0.05	0	0.101	1	9.855	450	2.836	1
569	2.007	5.646	0.247	0.694	0.05	0	0.123	1	8.102	450	2.813	1
570	3.318	8.023	0.63	1.524	0.05	0	0.19	1	5.261	450	2.418	1
571	2.136	6.344	0.37	1.098	0.05	0	0.173	1	5.79	450	2.97	1
572	1.373	2.705	0.196	0.387	0.05	0	0.143	1	7.017	450	1.97	1
573	4.177	7.585	0.923	1.676	0.05	0	0.221	1	4.522	450	1.816	1
574	3.37	6.572	0.371	0.723	0.05	0	0.11	1	9.053	450	1.95	1
575	4.521	11.94	0.719	1.898	0.05	0	0.159	1	6.299	450	2.641	1
576	4.614	10.723	1.661	3.86	0.05	0	0.36	1	2.781	450	2.324	1
577	4.481	10.831	0.52	1.256	0.05	0	0.116	1	8.624	450	2.417	1
578	4.76	10.562	1.58	3.507	0.05	0	0.332	1	3.009	450	2.219	1
579	4.976	12.286	0.572	1.413	0.05	0	0.115	1	8.694	450	2.469	1
580	1.051	2.889	0.263	0.722	0.05	0	0.25	1	4.001	450	2.749	1
581	3.01	8.967	0.515	1.533	0.05	0	0.171	1	5.863	450	2.979	1
582	3.616	8.1	0.727	1.628	0.05	0	0.201	1	4.98	450	2.24	1
583	4.826	13.976	4.223	12.229	0.05	0	0.875	1	1.143	450	2.896	1
584	3.044	5.692	0.396	0.74	0.05	0	0.13	1	7.664	450	1.87	1
585	1.974	3.395	0.602	1.035	0.05	0	0.305	1	3.275	450	1.72	1
586	1.222	3.547	0.418	1.213	0.05	0	0.342	1	2.922	450	2.903	1
587	3.328	9.392	1.418	4.001	0.05	0	0.426	1	2.345	450	2.822	1
588	4.027	9.846	0.455	1.113	0.05	0	0.113	1	8.814	450	2.445	1
589	3.305	8.517	2.588	6.669	0.05	0	0.783	1	1.277	450	2.577	1
590	2.311	5.928	0.238	0.611	0.05	0	0.103	1	9.729	450	2.565	1
591	4.827	9.205	0.883	1.685	0.05	0	0.183	1	5.467	450	1.907	1
592	1.894	3.618	0.386	0.738	0.05	0	0.204	1	4.894	450	1.91	1
593	4.882	13.045	1.181	3.157	0.05	0	0.242	1	4.137	450	2.672	1
594	1.903	4.664	0.272	0.667	0.05	0	0.143	1	6.986	450	2.451	1
595	3.52	10.014	2.292	6.519	0.05	0	0.651	1	1.536	450	2.845	1
596	2.985	6.654	1.173	2.615	0.05	0	0.393	1	2.543	450	2.229	1
597	3.091	5.007	1.156	1.873	0.05	0	0.374	1	2.675	450	1.62	1
598	2.898	7.428	0.368	0.943	0.05	0	0.127	1	7.9	450	2.563	1
599	1.908	4.219	0.218	0.481	0.05	0	0.114	1	8.79	450	2.211	1
600	1.187	2.838	0.852	2.038	0.05	0	0.718	1	1.392	450	2.391	1
601	3.816	10.048	2.763	7.275	0.05	0	0.724	1	1.381	450	2.633	1
602	1.389	3.47	0.872	2.179	0.05	0	0.628	1	1.592	450	2.498	1
603	4.81	13.228	1.174	3.228	0.05	0	0.244	1	4.091	450	2.75	1
604	4.994	14.288	4.1	11.73	0.05	0	0.821	1	1.218	450	2.861	1
605	3.29	8.827	1.171	3.142	0.05	0	0.356	1	2.806	450	2.683	1
606	2.595	4.713	0.407	0.74	0.05	0	0.157	1	6.364	450	1.816	1
607	1.777	4.967	0.352	0.983	0.05	0	0.198	1	5.045	450	2.795	1
608	1.746	5.112	0.934	2.735	0.05	0	0.535	1	1.869	450	2.928	1
609	3.499	7.379	0.826	1.741	0.05	0	0.236	1	4.238	450	2.109	1
610	2.035	3.871	0.263	0.499	0.05	0	0.129	1	7.775	450	1.902	1
611	1.168	2.698	0.162	0.375	0.05	0	0.139	1	7.195	450	2.31	1
612	1.673	3.067	0.182	0.334	0.05	0	0.109	1	9.187	450	1.833	1
613	4.663	7.577	0.518	0.841	0.05	0	0.111	1	9.008	450	1.625	1
614	4.532	8.058	0.653	1.16	0.05	0	0.144	1	6.96	450	1.778	1
615	2.315	4.792	0.306	0.633	0.05	0	0.132	1	7.604	450	2.07	1
616	3.092	8.648	0.492	1.375	0.05	0	0.159	1	6.279	450	2.797	1
617	2.726	5.804	0.368	0.784	0.05	0	0.135	1	7.41	450	2.129	1
618	1.925	3.912	0.204	0.415	0.05	0	0.106	1	9.425	450	2.032	1
619	1.129	3.079	0.141	0.385	0.05	0	0.125	1	8.006	450	2.727	1
620	2.561	7.125	0.986	2.743	0.05	0	0.385	1	2.597	450	2.782	1
621	1.121	2.748	0.205	0.503	0.05	0	0.183	1	5.463	450	2.451	1
622	1.76	4.052	0.292	0.673	0.05	0	0.166	1	6.041	450	2.302	1
623	3.418	7.786	2.051	4.672	0.05	0	0.6	1	1.666	450	2.278	1
624	2.656	4.486	2.093	3.535	0.05	0	0.788	1	1.269	450	1.689	1
625	2.196	4.853	2.178	4.814	0.05	0	0.992	1	1.008	450	2.21	1
626	2.595	3.911	0.379	0.571	0.05	0	0.146	1	6.854	450	1.507	1
627	3.374	8.769	0.337	0.877	0.05	0	0.1	1	9.962	450	2.599	1
628	3.155	5.029	0.622	0.991	0.05	0	0.197	1	5.065	450	1.594	1
629	2.169	4.95	0.256	0.584	0.05	0	0.118	1	8.484	450	2.282	1
630	4.477	11.676	1.8	4.694	0.05	0	0.402	1	2.486	450	2.608	1
631	1.086	1.943	0.57	1.02	0.05	0	0.525	1	1.906	450	1.789	1
632	3.87	6.842	0.646	1.143	0.05	0	0.167	1	5.994	450	1.768	1
633	3.18	6.939	0.776	1.693	0.05	0	0.244	1	4.106	450	2.182	1
634	2.896	7.13	0.443	1.091	0.05	0	0.153	1	6.543	450	2.462	1
635	2.483	3.752	0.464	0.702	0.05	0	0.187	1	5.348	450	1.511	1
636	3.826	10.296	0.425	1.143	0.05	0	0.111	1	9.039	450	2.691	1
637	4.511	8.598	0.654	1.247	0.05	0	0.145	1	6.915	450	1.906	1
638	1.274	1.924	0.187	0.283	0.05	0	0.147	1	6.787	450	1.51	1
639	2.455	6.025	1.051	2.579	0.05	0	0.428	1	2.339	450	2.454	1
640	1.612	3.511	1.291	2.812	0.05	0	0.801	1	1.248	450	2.178	1
641	3.0	6.237	2.022	4.204	0.05	0	0.674	1	1.483	450	2.079	1
642	1.464	4.369	1.121	3.347	0.05	0	0.766	1	1.306	450	2.984	1
643	4.519	7.791	0.61	1.052	0.05	0	0.135	1	7.413	450	1.724	1
644	3.904	6.016	0.48	0.74	0.05	0	0.123	1	8.111	450	1.541	1
645	1.531	4.042	0.361	0.954	0.05	0	0.236	1	4.235	450	2.64	1
646	2.576	5.634	1.337	2.924	0.05	0	0.519	1	1.928	450	2.187	1
647	4.837	9.606	0.605	1.201	0.05	0	0.125	1	7.97	450	1.986	1
648	2.123	6.314	0.376	1.118	0.05	0	0.177	1	5.659	450	2.974	1
649	1.095	2.113	0.612	1.181	0.05	0	0.559	1	1.789	450	1.93	1
650	2.436	6.694	0.857	2.356	0.05	0	0.352	1	2.841	450	2.748	1
651	3.682	7.309	1.731	3.435	0.05	0	0.47	1	2.128	450	1.985	1
652	3.49	5.361	0.625	0.96	0.05	0	0.179	1	5.6	450	1.536	1
653	1.435	3.222	0.151	0.338	0.05	0	0.105	1	9.489	450	2.245	1
654	2.48	4.342	0.434	0.76	0.05	0	0.175	1	5.705	450	1.751	1
655	4.981	8.039	0.508	0.82	0.05	0	0.102	1	9.829	450	1.614	1
656	2.948	8.708	1.701	5.025	0.05	0	0.577	1	1.733	450	2.954	1
657	2.86	8.365	0.572	1.673	0.05	0	0.2	1	4.998	450	2.925	1
658	2.421	6.617	0.254	0.695	0.05	0	0.105	1	9.5	450	2.733	1
659	4.083	11.073	2.572	6.976	0.05	0	0.63	1	1.588	450	2.712	1
660	3.793	8.895	0.459	1.076	0.05	0	0.121	1	8.289	450	2.345	1
661	4.031	6.244	1.109	1.717	0.05	0	0.275	1	3.634	450	1.549	1
662	4.951	12.066	1.168	2.848	0.05	0	0.236	1	4.237	450	2.437	1
663	4.546	7.383	0.582	0.945	0.05	0	0.128	1	7.807	450	1.624	1
664	3.974	8.938	1.526	3.432	0.05	0	0.384	1	2.605	450	2.249	1
665	2.657	7.567	0.396	1.127	0.05	0	0.149	1	6.696	450	2.848	1
666	1.975	4.41	0.598	1.336	0.05	0	0.303	1	3.295	450	2.233	1
667	2.027	3.531	0.371	0.646	0.05	0	0.183	1	5.469	450	1.742	1
668	2.38	5.495	0.84	1.94	0.05	0	0.353	1	2.833	450	2.309	1
669	1.885	4.32	0.213	0.488	0.05	0	0.113	1	8.853	450	2.292	1
670	1.5	3.231	0.232	0.501	0.05	0	0.155	1	6.472	450	2.154	1
671	3.472	6.812	1.632	3.202	0.05	0	0.47	1	2.126	450	1.962	1
672	3.833	6.194	0.483	0.78	0.05	0	0.126	1	7.939	450	1.616	1
673	3.916	7.554	0.885	1.707	0.05	0	0.226	1	4.428	450	1.929	1
674	3.005	8.904	1.605	4.755	0.05	0	0.534	1	1.873	450	2.963	1
675	2.953	5.764	0.298	0.582	0.05	0	0.101	1	9.943	450	1.952	1
676	3.2	8.893	0.333	0.925	0.05	0	0.104	1	9.631	450	2.779	1
677	3.58	7.443	2.363	4.912	0.05	0	0.66	1	1.516	450	2.079	1
678	2.232	6.071	0.616	1.676	0.05	0	0.276	1	3.622	450	2.72	1
679	2.971	6.361	0.808	1.73	0.05	0	0.272	1	3.675	450	2.141	1
680	3.494	5.514	1.834	2.895	0.05	0	0.525	1	1.904	450	1.578	1
681	2.841	5.611	1.932	3.815	0.05	0	0.68	1	1.47	450	1.975	1
682	1.505	3.857	0.173	0.444	0.05	0	0.115	1	8.686	450	2.563	1
683	1.051	1.647	0.58	0.909	0.05	0	0.552	1	1.811	450	1.567	1
684	2.895	4.56	2.461	3.876	0.05	0	0.85	1	1.176	450	1.575	1
685	4.388	7.346	1.536	2.571	0.05	0	0.35	1	2.861	450	1.674	1
686	2.914	5.714	0.6	1.177	0.05	0	0.206	1	4.866	450	1.961	1
687	3.592	8.366	0.902	2.1	0.05	0	0.251	1	3.977	450	2.329	1
688	2.11	5.357	0.222	0.562	0.05	0	0.105	1	9.497	450	2.539	1
689	4.984	13.267	0.862	2.295	0.05	0	0.173	1	5.791	450	2.662	1
690	4.962	13.412	1.29	3.487	0.05	0	0.26	1	3.851	450	2.703	1
691	1.612	2.773	0.374	0.643	0.05	0	0.232	1	4.311	450	1.72	1
692	3.419	9.734	0.362	1.032	0.05	0	0.106	1	9.449	450	2.847	1
693	3.324	7.1	0.346	0.738	0.05	0	0.104	1	9.637	450	2.136	1
694	1.19	3.518	0.613	1.812	0.05	0	0.515	1	1.94	450	2.956	1
695	1.904	3.936	0.278	0.575	0.05	0	0.146	1	6.851	450	2.067	1
696	4.208	9.422	0.64	1.432	0.05	0	0.152	1	6.583	450	2.239	1
697	2.919	7.817	0.336	0.899	0.05	0	0.115	1	8.686	450	2.678	1
698	1.347	2.872	0.151	0.322	0.05	0	0.112	1	8.939	450	2.132	1
699	1.434	4.24	0.522	1.543	0.05	0	0.364	1	2.749	450	2.957	1
700	1.869	3.011	0.269	0.434	0.05	0	0.144	1	6.943	450	1.611	1
701	1.534	4.005	0.181	0.473	0.05	0	0.118	1	8.451	450	2.611	1
702	1.434	3.966	0.313	0.865	0.05	0	0.218	1	4.592	450	2.766	1
703	4.201	10.25	2.642	6.447	0.05	0	0.629	1	1.591	450	2.44	1
704	3.949	8.159	3.72	7.686	0.05	0	0.942	1	1.062	450	2.066	1
705	1.2	2.599	0.586	1.268	0.05	0	0.488	1	2.05	450	2.166	1
706	1.605	3.738	0.204	0.475	0.05	0	0.127	1	7.872	450	2.329	1
707	3.83	10.513	0.529	1.451	0.05	0	0.138	1	7.255	450	2.745	1
708	2.967	8.628	0.439	1.277	0.05	0	0.148	1	6.764	450	2.908	1
709	2.859	5.438	0.297	0.566	0.05	0	0.104	1	9.591	450	1.902	1
710	1.421	4.087	0.215	0.617	0.05	0	0.151	1	6.641	450	2.876	1
711	3.4	5.161	1.02	1.548	0.05	0	0.3	1	3.337	450	1.518	1
712	2.422	4.674	0.484	0.935	0.05	0	0.2	1	4.989	450	1.93	1
713	4.317	7.447	0.932	1.609	0.05	0	0.216	1	4.636	450	1.725	1
714	4.828	10.192	2.409	5.086	0.05	0	0.499	1	2.003	450	2.111	1
715	2.607	7.036	0.876	2.364	0.05	0	0.336	1	2.976	450	2.699	1
716	4.278	7.153	1.412	2.36	0.05	0	0.33	1	3.034	450	1.672	1
717	1.797	3.28	0.791	1.443	0.05	0	0.44	1	2.272	450	1.825	1
718	3.989	9.199	0.455	1.049	0.05	0	0.114	1	8.736	450	2.306	1
719	1.078	2.827	0.417	1.094	0.05	0	0.387	1	2.587	450	2.622	1
720	1.321	3.826	0.285	0.826	0.05	0	0.216	1	4.631	450	2.896	1
721	3.469	5.377	0.434	0.672	0.05	0	0.125	1	7.972	450	1.55	1
722	3.914	6.106	0.81	1.264	0.05	0	0.207	1	4.821	450	1.56	1
723	2.069	4.018	0.755	1.467	0.05	0	0.365	1	2.741	450	1.942	1
724	1.566	3.757	0.687	1.649	0.05	0	0.439	1	2.28	450	2.399	1
725	1.065	3.069	0.117	0.338	0.05	0	0.11	1	9.054	450	2.882	1
726	3.093	8.565	0.377	1.045	0.05	0	0.122	1	8.189	450	2.769	1
727	3.438	6.147	2.805	5.016	0.05	0	0.816	1	1.225	450	1.788	1
728	3.742	8.528	0.651	1.484	0.05	0	0.174	1	5.737	450	2.279	1
729	1.058	2.554	0.189	0.457	0.05	0	0.179	1	5.588	450	2.414	1
730	2.72	4.08	1.45	2.175	0.05	0	0.533	1	1.876	450	1.5	1
731	2.531	7.198	0.904	2.57	0.05	0	0.357	1	2.804	450	2.844	1
732	4.335	12.758	1.114	3.279	0.05	0	0.257	1	3.887	450	2.943	1
733	1.083	2.115	0.371	0.725	0.05	0	0.343	1	2.917	450	1.953	1
734	4.273	11.46	0.692	1.857	0.05	0	0.162	1	6.186	450	2.682	1
735	2.183	5.46	0.314	0.786	0.05	0	0.144	1	6.949	450	2.501	1
736	4.749	12.224	0.532	1.369	0.05	0	0.112	1	8.92	450	2.574	1
737	3.81	5.753	0.499	0.754	0.05	0	0.131	1	7.61	450	1.51	1
738	1.543	2.703	0.679	1.189	0.05	0	0.44	1	2.272	450	1.752	1
739	2.439	3.934	0.568	0.917	0.05	0	0.233	1	4.286	450	1.613	1
740	3.489	5.554	0.356	0.567	0.05	0	0.102	1	9.821	450	1.592	1
741	1.281	3.461	0.787	2.125	0.05	0	0.614	1	1.628	450	2.702	1
742	3.454	7.443	1.706	3.677	0.05	0	0.494	1	2.026	450	2.155	1
743	4.146	10.751	0.502	1.301	0.05	0	0.121	1	8.268	450	2.593	1
744	2.794	6.731	1.556	3.749	0.05	0	0.557	1	1.794	450	2.409	1
745	4.783	10.709	1.975	4.423	0.05	0	0.413	1	2.419	450	2.239	1
746	4.967	9.144	0.621	1.143	0.05	0	0.125	1	8.023	450	1.841	1
747	4.749	7.736	0.765	1.245	0.05	0	0.161	1	6.227	450	1.629	1
748	4.323	12.662	0.808	2.368	0.05	0	0.187	1	5.346	450	2.929	1
749	1.9	5.292	1.205	3.355	0.05	0	0.634	1	1.577	450	2.785	1
750	2.705	6.668	0.463	1.14	0.05	0	0.171	1	5.85	450	2.465	1
751	3.31	5.915	0.45	0.804	0.05	0	0.136	1	7.371	450	1.787	1
752	1.36	2.531	0.181	0.337	0.05	0	0.133	1	7.495	450	1.861	1
753	2.179	4.787	0.479	1.053	0.05	0	0.22	1	4.539	450	2.197	1
754	1.729	4.423	0.622	1.592	0.05	0	0.36	1	2.774	450	2.558	1
755	4.099	11.699	0.541	1.544	0.05	0	0.132	1	7.586	450	2.854	1
756	4.984	14.832	1.844	5.488	0.05	0	0.37	1	2.703	450	2.976	1
757	1.808	4.318	0.204	0.488	0.05	0	0.113	1	8.85	450	2.388	1
758	3.018	7.971	0.353	0.933	0.05	0	0.117	1	8.555	450	2.641	1
759	4.924	8.213	0.507	0.846	0.05	0	0.103	1	9.694	450	1.668	1
760	1.343	3.598	0.47	1.259	0.05	0	0.35	1	2.859	450	2.679	1
761	4.591	8.558	0.831	1.549	0.05	0	0.181	1	5.53	450	1.864	1
762	4.519	7.348	0.452	0.735	0.05	0	0.1	1	9.975	450	1.626	1
763	3.809	9.667	0.4	1.015	0.05	0	0.105	1	9.519	450	2.538	1
764	1.522	2.872	0.161	0.304	0.05	0	0.106	1	9.433	450	1.887	1
765	4.78	9.029	0.875	1.652	0.05	0	0.183	1	5.477	450	1.889	1
766	3.092	8.636	0.628	1.753	0.05	0	0.203	1	4.923	450	2.793	1
767	2.071	6.072	0.441	1.293	0.05	0	0.213	1	4.696	450	2.932	1
768	4.713	12.061	0.481	1.23	0.05	0	0.102	1	9.814	450	2.559	1
769	3.493	7.108	0.419	0.853	0.05	0	0.12	1	8.365	450	2.035	1
770	3.708	10.153	0.541	1.482	0.05	0	0.146	1	6.86	450	2.738	1
771	4.616	9.657	0.489	1.024	0.05	0	0.106	1	9.471	450	2.092	1
772	2.026	5.906	0.284	0.827	0.05	0	0.14	1	7.154	450	2.915	1
773	1.648	2.637	0.297	0.475	0.05	0	0.18	1	5.561	450	1.6	1
774	3.316	6.602	0.653	1.301	0.05	0	0.197	1	5.089	450	1.991	1
775	4.138	11.748	0.538	1.527	0.05	0	0.13	1	7.716	450	2.839	1
776	1.291	2.514	0.138	0.269	0.05	0	0.107	1	9.373	450	1.947	1
777	3.474	5.927	0.368	0.628	0.05	0	0.106	1	9.398	450	1.706	1
778	4.52	11.842	1.098	2.878	0.05	0	0.243	1	4.107	450	2.62	1
779	3.285	9.773	0.706	2.101	0.05	0	0.215	1	4.659	450	2.975	1
780	3.29	7.784	2.389	5.651	0.05	0	0.726	1	1.378	450	2.366	1
781	5.0	10.555	1.885	3.979	0.05	0	0.377	1	2.653	450	2.111	1
782	4.525	7.353	0.611	0.993	0.05	0	0.135	1	7.422	450	1.625	1
783	1.905	4.176	0.461	1.011	0.05	0	0.242	1	4.131	450	2.192	1
784	4.448	8.353	0.445	0.835	0.05	0	0.1	1	9.966	450	1.878	1
785	3.511	6.264	1.197	2.136	0.05	0	0.341	1	2.935	450	1.784	1
786	1.516	3.528	0.522	1.214	0.05	0	0.344	1	2.908	450	2.327	1
787	3.21	7.242	0.382	0.862	0.05	0	0.119	1	8.401	450	2.256	1
788	2.563	5.072	0.277	0.548	0.05	0	0.108	1	9.26	450	1.979	1
789	3.71	8.548	0.968	2.231	0.05	0	0.261	1	3.83	450	2.304	1
790	4.191	10.792	0.591	1.522	0.05	0	0.141	1	7.072	450	2.575	1
791	3.954	7.94	0.498	1.0	0.05	0	0.126	1	7.968	450	2.008	1
792	1.744	2.998	0.227	0.39	0.05	0	0.13	1	7.663	450	1.719	1
793	4.202	11.627	0.458	1.267	0.05	0	0.109	1	9.154	450	2.767	1
794	4.939	12.501	1.452	3.675	0.05	0	0.294	1	3.402	450	2.531	1
795	3.396	7.872	0.526	1.22	0.05	0	0.155	1	6.437	450	2.318	1
796	3.208	6.4	0.561	1.12	0.05	0	0.175	1	5.712	450	1.995	1
797	1.817	3.432	0.184	0.347	0.05	0	0.101	1	9.935	450	1.889	1
798	3.84	11.032	0.495	1.423	0.05	0	0.129	1	7.729	450	2.873	1
799	3.787	5.813	0.56	0.86	0.05	0	0.148	1	6.738	450	1.535	1
800	4.145	7.287	0.448	0.787	0.05	0	0.108	1	9.262	450	1.758	1
801	3.725	6.59	0.909	1.608	0.05	0	0.244	1	4.097	450	1.769	1
802	1.316	3.195	0.321	0.78	0.05	0	0.244	1	4.091	450	2.428	1
803	3.622	9.736	0.395	1.061	0.05	0	0.109	1	9.178	450	2.688	1
804	1.212	3.378	0.492	1.371	0.05	0	0.406	1	2.462	450	2.787	1
805	2.79	7.714	0.407	1.126	0.05	0	0.146	1	6.867	450	2.765	1
806	4.323	11.097	1.349	3.462	0.05	0	0.312	1	3.21	450	2.567	1
807	4.022	6.664	0.676	1.12	0.05	0	0.168	1	5.958	450	1.657	1
808	2.577	6.922	0.281	0.754	0.05	0	0.109	1	9.189	450	2.686	1
809	3.864	9.695	1.221	3.064	0.05	0	0.316	1	3.163	450	2.509	1
810	1.589	4.424	0.186	0.518	0.05	0	0.117	1	8.53	450	2.784	1
811	4.503	7.079	3.076	4.835	0.05	0	0.683	1	1.465	450	1.572	1
812	1.892	3.739	0.295	0.583	0.05	0	0.156	1	6.427	450	1.976	1
813	1.893	2.853	0.201	0.302	0.05	0	0.106	1	9.478	450	1.507	1
814	3.392	9.498	0.689	1.928	0.05	0	0.203	1	4.936	450	2.8	1
815	1.542	3.153	0.159	0.325	0.05	0	0.103	1	9.664	450	2.045	1
816	3.769	9.875	0.479	1.254	0.05	0	0.127	1	7.846	450	2.62	1
817	2.36	4.947	0.304	0.638	0.05	0	0.129	1	7.763	450	2.096	1
818	4.871	10.677	1.276	2.797	0.05	0	0.262	1	3.824	450	2.192	1
819	2.784	4.633	0.546	0.908	0.05	0	0.196	1	5.1	450	1.664	1
820	4.901	9.229	0.534	1.006	0.05	0	0.109	1	9.158	450	1.883	1
821	3.637	10.747	3.201	9.457	0.05	0	0.88	1	1.136	450	2.955	1
822	1.458	2.568	0.287	0.506	0.05	0	0.197	1	5.079	450	1.761	1
823	2.245	4.335	0.254	0.49	0.05	0	0.113	1	8.861	450	1.931	1
824	4.445	8.85	1.502	2.991	0.05	0	0.338	1	2.955	450	1.991	1
825	1.0	1.805	0.116	0.209	0.05	0	0.116	1	8.654	450	1.805	1
826	2.047	5.009	0.418	1.022	0.05	0	0.204	1	4.909	450	2.447	1
827	1.724	3.705	0.383	0.823	0.05	0	0.222	1	4.5	450	2.149	1
828	4.02	9.049	1.142	2.57	0.05	0	0.284	1	3.523	450	2.251	1
829	1.873	5.443	0.376	1.094	0.05	0	0.201	1	4.984	450	2.906	1
830	1.988	5.384	0.72	1.949	0.05	0	0.362	1	2.76	450	2.708	1
831	4.504	10.395	2.148	4.958	0.05	0	0.477	1	2.097	450	2.308	1
832	1.536	4.436	0.604	1.743	0.05	0	0.393	1	2.545	450	2.888	1
833	4.191	12.41	0.704	2.085	0.05	0	0.168	1	5.955	450	2.961	1
834	1.554	2.43	0.159	0.248	0.05	0	0.102	1	9.811	450	1.564	1
835	3.548	7.32	0.656	1.354	0.05	0	0.185	1	5.417	450	2.063	1
836	2.976	4.529	0.384	0.584	0.05	0	0.129	1	7.782	450	1.522	1
837	4.235	9.402	0.652	1.448	0.05	0	0.154	1	6.476	450	2.22	1
838	3.282	5.688	0.374	0.648	0.05	0	0.114	1	8.785	450	1.733	1
839	1.666	2.94	0.183	0.323	0.05	0	0.11	1	9.086	450	1.765	1
840	4.377	8.662	0.595	1.178	0.05	0	0.136	1	7.343	450	1.979	1
841	4.533	9.148	0.834	1.683	0.05	0	0.184	1	5.443	450	2.018	1
842	1.285	3.311	0.415	1.069	0.05	0	0.323	1	3.096	450	2.577	1
843	1.328	3.579	0.175	0.472	0.05	0	0.132	1	7.594	450	2.695	1
844	2.782	6.332	0.554	1.26	0.05	0	0.199	1	5.02	450	2.276	1
845	3.81	8.203	0.625	1.345	0.05	0	0.164	1	6.102	450	2.153	1
846	4.181	7.066	3.612	6.105	0.05	0	0.864	1	1.157	450	1.69	1
847	1.75	3.958	0.292	0.661	0.05	0	0.167	1	5.982	450	2.262	1
848	2.498	6.193	0.292	0.725	0.05	0	0.117	1	8.531	450	2.479	1
849	2.467	3.72	0.279	0.42	0.05	0	0.113	1	8.867	450	1.508	1
850	4.912	13.817	0.683	1.921	0.05	0	0.139	1	7.2	450	2.813	1
851	1.506	3.337	1.307	2.897	0.05	0	0.868	1	1.152	450	2.216	1
852	2.056	5.913	0.771	2.217	0.05	0	0.375	1	2.67	450	2.876	1
853	1.748	3.779	0.708	1.53	0.05	0	0.405	1	2.469	450	2.162	1
854	3.475	7.03	0.389	0.787	0.05	0	0.112	1	8.889	450	2.023	1
855	4.522	8.257	0.475	0.867	0.05	0	0.105	1	9.566	450	1.826	1
856	2.602	5.597	0.536	1.153	0.05	0	0.206	1	4.852	450	2.151	1
857	3.903	5.878	0.453	0.682	0.05	0	0.116	1	8.651	450	1.506	1
858	1.641	4.36	0.171	0.453	0.05	0	0.104	1	9.572	450	2.657	1
859	4.846	13.118	0.601	1.627	0.05	0	0.124	1	8.079	450	2.707	1
860	4.692	13.663	0.526	1.53	0.05	0	0.112	1	8.902	450	2.912	1
861	1.89	4.878	0.208	0.537	0.05	0	0.11	1	9.099	450	2.581	1
862	3.899	10.773	0.394	1.088	0.05	0	0.101	1	9.904	450	2.763	1
863	3.431	9.864	1.606	4.616	0.05	0	0.468	1	2.136	450	2.875	1
864	1.896	5.229	0.764	2.107	0.05	0	0.403	1	2.483	450	2.758	1
865	4.242	8.369	0.704	1.389	0.05	0	0.166	1	6.034	450	1.973	1
866	2.295	3.929	0.411	0.703	0.05	0	0.179	1	5.588	450	1.712	1
867	1.503	2.836	0.268	0.505	0.05	0	0.178	1	5.608	450	1.887	1
868	2.105	4.532	0.394	0.847	0.05	0	0.187	1	5.34	450	2.153	1
869	4.399	11.455	0.84	2.188	0.05	0	0.191	1	5.232	450	2.604	1
870	3.334	9.405	0.387	1.091	0.05	0	0.116	1	8.644	450	2.821	1
871	2.889	6.252	0.511	1.107	0.05	0	0.177	1	5.653	450	2.164	1
872	1.004	1.852	0.136	0.25	0.05	0	0.135	1	7.402	450	1.845	1
873	4.033	8.566	0.847	1.799	0.05	0	0.21	1	4.76	450	2.124	1
874	1.859	4.832	0.236	0.614	0.05	0	0.127	1	7.87	450	2.599	1
875	3.256	6.746	0.733	1.518	0.05	0	0.225	1	4.452	450	2.072	1
876	4.923	9.339	0.532	1.009	0.05	0	0.108	1	9.228	450	1.897	1
877	2.158	3.69	0.261	0.446	0.05	0	0.121	1	8.278	450	1.71	1
878	3.152	7.057	0.835	1.87	0.05	0	0.265	1	3.769	450	2.239	1
879	1.635	4.681	1.467	4.199	0.05	0	0.897	1	1.115	450	2.863	1
880	2.139	5.57	0.257	0.668	0.05	0	0.12	1	8.313	450	2.604	1
881	1.908	4.841	0.193	0.489	0.05	0	0.101	1	9.936	450	2.537	1
882	1.64	2.66	0.269	0.436	0.05	0	0.164	1	6.114	450	1.622	1
883	1.366	3.09	0.641	1.449	0.05	0	0.469	1	2.132	450	2.262	1
884	1.066	2.531	0.143	0.339	0.05	0	0.134	1	7.442	450	2.374	1
885	4.826	10.849	0.888	1.996	0.05	0	0.184	1	5.442	450	2.248	1
886	2.365	5.359	0.627	1.42	0.05	0	0.265	1	3.777	450	2.266	1
887	3.984	7.052	0.43	0.762	0.05	0	0.108	1	9.22	450	1.77	1
888	2.464	4.871	0.264	0.521	0.05	0	0.107	1	9.341	450	1.977	1
889	3.42	6.59	0.749	1.443	0.05	0	0.219	1	4.566	450	1.927	1
890	1.367	3.854	0.321	0.906	0.05	0	0.235	1	4.256	450	2.819	1
891	3.884	10.25	0.684	1.804	0.05	0	0.176	1	5.673	450	2.639	1
892	3.591	9.089	0.966	2.445	0.05	0	0.269	1	3.724	450	2.531	1
893	1.166	2.283	0.132	0.258	0.05	0	0.113	1	8.861	450	1.958	1
894	1.207	3.106	0.253	0.652	0.05	0	0.21	1	4.768	450	2.573	1
895	4.525	7.833	1.706	2.953	0.05	0	0.377	1	2.654	450	1.731	1
896	4.804	8.421	0.759	1.331	0.05	0	0.158	1	6.338	450	1.753	1
897	2.923	5.896	1.263	2.547	0.05	0	0.432	1	2.313	450	2.017	1
898	3.575	7.74	1.816	3.932	0.05	0	0.508	1	1.969	450	2.165	1
899	4.265	8.615	0.431	0.87	0.05	0	0.101	1	9.909	450	2.02	1
900	2.442	4.991	1.219	2.491	0.05	0	0.499	1	2.006	450	2.044	1
901	2.061	5.995	0.34	0.989	0.05	0	0.165	1	6.055	450	2.909	1
902	2.298	5.527	1.05	2.526	0.05	0	0.457	1	2.186	450	2.405	1
903	4.031	11.029	0.609	1.665	0.05	0	0.151	1	6.604	450	2.736	1
904	2.544	6.981	0.761	2.087	0.05	0	0.299	1	3.349	450	2.744	1
905	1.572	4.321	0.228	0.627	0.05	0	0.145	1	6.91	450	2.749	1
906	2.257	6.419	1.031	2.933	0.05	0	0.457	1	2.186	450	2.844	1
907	2.653	4.385	0.276	0.456	0.05	0	0.104	1	9.629	450	1.653	1
908	3.042	6.434	0.52	1.1	0.05	0	0.171	1	5.859	450	2.115	1
909	1.541	4.275	0.388	1.077	0.05	0	0.252	1	3.976	450	2.774	1
910	4.378	12.075	0.613	1.69	0.05	0	0.14	1	7.121	450	2.758	1
911	2.398	4.825	0.71	1.428	0.05	0	0.296	1	3.383	450	2.012	1
912	2.677	6.32	0.431	1.018	0.05	0	0.161	1	6.213	450	2.361	1
913	4.618	7.888	1.321	2.256	0.05	0	0.286	1	3.502	450	1.708	1
914	4.31	9.96	0.621	1.434	0.05	0	0.144	1	6.957	450	2.311	1
915	4.096	11.547	0.487	1.374	0.05	0	0.119	1	8.375	450	2.819	1
916	1.511	3.128	0.186	0.385	0.05	0	0.123	1	8.153	450	2.07	1
917	2.685	5.475	0.354	0.723	0.05	0	0.132	1	7.604	450	2.039	1
918	2.457	5.796	0.555	1.31	0.05	0	0.226	1	4.422	450	2.359	1
919	1.668	4.385	0.477	1.254	0.05	0	0.286	1	3.496	450	2.629	1
920	4.542	8.584	2.444	4.618	0.05	0	0.538	1	1.86	450	1.89	1
921	3.916	7.374	0.521	0.981	0.05	0	0.133	1	7.518	450	1.883	1
922	2.158	4.161	0.296	0.57	0.05	0	0.137	1	7.3	450	1.928	1
923	2.521	7.394	0.623	1.826	0.05	0	0.247	1	4.051	450	2.933	1
924	1.326	3.515	0.149	0.394	0.05	0	0.112	1	8.944	450	2.651	1
925	3.513	5.793	0.464	0.765	0.05	0	0.132	1	7.573	450	1.649	1
926	3.766	10.443	1.213	3.363	0.05	0	0.322	1	3.108	450	2.773	1
927	1.137	2.987	0.165	0.433	0.05	0	0.145	1	6.912	450	2.627	1
928	3.881	9.4	0.45	1.09	0.05	0	0.116	1	8.642	450	2.422	1
929	1.598	2.8	0.687	1.204	0.05	0	0.43	1	2.325	450	1.752	1
930	2.944	6.662	0.527	1.192	0.05	0	0.179	1	5.601	450	2.263	1
931	4.686	13.871	0.6	1.775	0.05	0	0.128	1	7.809	450	2.96	1
932	4.139	9.524	3.113	7.162	0.05	0	0.752	1	1.329	450	2.301	1
933	2.313	5.174	0.275	0.616	0.05	0	0.119	1	8.424	450	2.237	1
934	1.188	2.266	0.134	0.256	0.05	0	0.113	1	8.872	450	1.907	1
935	1.832	3.369	0.41	0.755	0.05	0	0.224	1	4.467	450	1.839	1
936	4.315	10.904	1.096	2.77	0.05	0	0.254	1	3.938	450	2.527	1
937	4.752	10.454	0.68	1.495	0.05	0	0.143	1	6.974	450	2.2	1
938	3.483	9.839	0.641	1.81	0.05	0	0.184	1	5.427	450	2.825	1
939	1.849	4.552	0.514	1.265	0.05	0	0.278	1	3.601	450	2.462	1
940	2.274	5.401	0.275	0.654	0.05	0	0.121	1	8.28	450	2.375	1
941	4.305	7.301	0.542	0.92	0.05	0	0.126	1	7.938	450	1.696	1
942	2.822	4.876	0.787	1.36	0.05	0	0.279	1	3.586	450	1.728	1
943	3.446	10.197	1.234	3.651	0.05	0	0.358	1	2.793	450	2.959	1
944	2.714	6.926	2.166	5.527	0.05	0	0.798	1	1.253	450	2.552	1
945	3.575	8.226	1.04	2.394	0.05	0	0.291	1	3.441	450	2.301	1
946	2.279	4.991	1.03	2.256	0.05	0	0.452	1	2.212	450	2.19	1
947	1.157	2.155	0.131	0.244	0.05	0	0.113	1	8.836	450	1.863	1
948	1.337	3.281	0.255	0.627	0.05	0	0.191	1	5.227	450	2.454	1
949	1.465	2.975	0.508	1.032	0.05	0	0.347	1	2.879	450	2.031	1
950	4.413	13.155	2.07	6.17	0.05	0	0.469	1	2.132	450	2.981	1
951	4.31	10.96	2.87	7.299	0.05	0	0.666	1	1.502	450	2.543	1
952	2.969	4.926	0.324	0.537	0.05	0	0.109	1	9.196	450	1.659	1
953	3.882	9.713	0.78	1.952	0.05	0	0.201	1	4.982	450	2.502	1
954	4.114	11.12	0.843	2.28	0.05	0	0.205	1	4.884	450	2.703	1
955	2.385	3.785	0.537	0.852	0.05	0	0.225	1	4.444	450	1.587	1
956	1.657	3.554	0.461	0.988	0.05	0	0.278	1	3.602	450	2.145	1
957	3.853	6.716	0.439	0.766	0.05	0	0.114	1	8.804	450	1.743	1
958	1.949	4.791	0.255	0.628	0.05	0	0.131	1	7.613	450	2.458	1
959	1.853	4.642	0.56	1.402	0.05	0	0.302	1	3.31	450	2.505	1
960	1.394	3.343	0.265	0.635	0.05	0	0.19	1	5.267	450	2.398	1
961	3.976	8.652	0.58	1.263	0.05	0	0.146	1	6.839	450	2.176	1
962	1.978	4.403	0.799	1.779	0.05	0	0.404	1	2.475	450	2.226	1
963	1.767	4.796	0.679	1.842	0.05	0	0.384	1	2.604	450	2.714	1
964	1.29	3.13	0.161	0.391	0.05	0	0.125	1	8.019	450	2.426	1
965	2.217	4.101	0.951	1.759	0.05	0	0.429	1	2.329	450	1.85	1
966	4.738	10.656	0.753	1.694	0.05	0	0.159	1	6.278	450	2.249	1
967	1.318	3.755	0.203	0.578	0.05	0	0.154	1	6.475	450	2.849	1
968	2.622	3.993	0.553	0.843	0.05	0	0.211	1	4.734	450	1.523	1
969	2.461	5.148	0.411	0.86	0.05	0	0.167	1	5.975	450	2.092	1
970	2.486	5.387	0.567	1.228	0.05	0	0.228	1	4.38	450	2.167	1
971	4.537	10.989	0.721	1.747	0.05	0	0.159	1	6.282	450	2.422	1
972	2.985	5.806	2.304	4.482	0.05	0	0.772	1	1.295	450	1.945	1
973	4.267	11.845	0.61	1.694	0.05	0	0.143	1	6.974	450	2.776	1
974	4.843	14.466	0.542	1.62	0.05	0	0.112	1	8.903	450	2.987	1
975	1.841	3.019	0.215	0.353	0.05	0	0.117	1	8.514	450	1.64	1
976	1.707	4.522	0.287	0.76	0.05	0	0.168	1	5.953	450	2.649	1
977	2.743	6.619	0.507	1.225	0.05	0	0.185	1	5.401	450	2.413	1
978	4.552	8.53	1.047	1.962	0.05	0	0.23	1	4.356	450	1.874	1
979	3.245	5.552	2.395	4.097	0.05	0	0.738	1	1.355	450	1.711	1
980	4.595	10.238	1.36	3.03	0.05	0	0.296	1	3.375	450	2.228	1
981	2.77	4.942	0.543	0.969	0.05	0	0.196	1	5.108	450	1.784	1
982	1.002	2.379	0.126	0.3	0.05	0	0.126	1	7.907	450	2.374	1
983	2.033	4.149	0.811	1.655	0.05	0	0.399	1	2.506	450	2.041	1
984	2.879	7.837	0.383	1.042	0.05	0	0.133	1	7.5	450	2.722	1
985	3.657	8.21	0.614	1.379	0.05	0	0.168	1	5.954	450	2.245	1
986	3.36	5.914	1.035	1.822	0.05	0	0.308	1	3.247	450	1.76	1
987	1.836	4.399	0.378	0.906	0.05	0	0.206	1	4.844	450	2.396	1
988	2.82	7.71	0.753	2.059	0.05	0	0.267	1	3.751	450	2.734	1
989	2.792	5.193	1.061	1.973	0.05	0	0.38	1	2.63	450	1.86	1
990	4.205	6.589	0.652	1.021	0.05	0	0.155	1	6.435	450	1.567	1
991	2.603	7.127	0.266	0.727	0.05	0	0.102	1	9.839	450	2.738	1
992	2.907	6.547	1.003	2.259	0.05	0	0.345	1	2.902	450	2.252	1
993	1.796	3.439	1.492	2.858	0.05	0	0.831	1	1.204	450	1.915	1
994	2.712	6.826	0.35	0.881	0.05	0	0.129	1	7.748	450	2.517	1
995	3.768	7.645	1.127	2.286	0.05	0	0.299	1	3.347	450	2.029	1
996	2.651	7.105	0.488	1.307	0.05	0	0.184	1	5.421	450	2.68	1
997	3.252	5.219	0.384	0.616	0.05	0	0.118	1	8.507	450	1.605	1
998	1.935	5.786	0.321	0.96	0.05	0	0.166	1	6.036	450	2.99	1
999	2.337	5.204	0.703	1.566	0.05	0	0.301	1	3.326	450	2.227	1
